0.732361798545991 0.616750722751021
1.7327880561374 11.2417554767211
0.862792692405211 1.2721188236028
0.982475582009135 0.547280620783567
-0.943579347478577 2.28999622649615
0.130940862156082 1.25503263808787
-1.17845344089056 0.816438528243452
0.101451632160851 2.05618403758854
0.497141444741164 0.78658462000003
0.80429104493897 0.71423155885711
0.335511307231967 1.1481063393876
2.14059447626815 0.65398263031876
1.98808552437935 11.4533745546715
0.398786557302073 1.43626282503828
2.18162226162625 0.734835202340037
2.08659561031696 1.87569628329948
1.0801056342222 1.59700338821858
2.12258519418056 0.904609555844218
0.623947871681702 4.27410149398015
-0.253722627984116 4.01770881605857
1.85650645929351 0.383199687581509
1.75337012183799 0.761418045032769
0.971656871637183 0.580663085319287
1.03685886966802 4.95971592791032
1.66436210452307 10.1485939169849
-0.262716341915484 20
-1.18774211456454 0.0673553857605895
0.359111792195425 1.0882693325189
0.236841511298435 1.581375523936
1.89567874675189 0.802764900494367
3.43813695293028 0.903206821996719
1.37760759129186 2.92995822417054
1.44887633367945 5.09432580669351
0.685889930698428 14.5059500291832
-0.777761529842492 1.43427369883284
1.30694676237423 2.8270144238781
1.39463515391933 4.62777708206706
-0.665928683897703 2.90615778096289
1.17010058223102 1.17556698666885
0.961134231379666 5.67216416300429
1.7915732015351 0.241914424231817
1.53085291401336 5.55367090900369
1.39513342076439 1.78857182012871
2.12808744384708 0.298379716929048
2.39855829813485 0.856790549587458
0.118098826104021 0.43390957871452
1.2546418622762 0.738123853225261
-0.880112781831596 5.45612004560359
2.05234866796386 2.01259709754959
2.08851138572184 0.350277580786496
-0.150399422683209 2.76926553132126
1.38329661780662 2.37134592688147
-0.0901342908252114 0.199312544893473
-1.13587636726539 1.48540445505693
1.36947732917365 3.89430842722271
1.71332404769952 0.162266903069439
1.22758082302856 3.8569140107042
2.10196100442337 8.05729113295119
1.08889181869417 0.46302865119651
2.23179429077508 3.62549659038398
0.812920160698846 0.733126395548501
1.42577309474362 1.50780908111483
1.82781123160306 7.75833343490403
1.82809248956839 2.775541472634
-0.879813005838762 1.02473689382122
1.70093201363282 0.849045475479215
1.17194730067792 0.0809851912781596
1.00772552444298 1.65373361902311
1.47041654444551 0.472684639971703
0.112510045991918 3.86227578843448
0.334806815020198 7.10728759094517
0.952613457570305 4.51527171556778
1.504141391736 5.11404674288757
0.224502260750462 0.429570093926382
-0.578220823258487 1.46472531854045
2.1978520931073 1.99164767190814
0.858356821167833 0.495473921298981
2.30735467865679 5.82471398611493
1.19939041654612 7.402565796941
-1.4589381285807 3.85884712903265
1.62914826539005 1.84924214193597
1.28883586328814 0.135162921622396
2.36963159137523 0.0845697589631953
3.2345968690501 0.306799460202456
0.244717899625819 1.62044442398474
2.11406240658227 3.79046121506456
1.35119230001106 1.12100802082568
-1.26559747489721 2.81113077128742
1.76821483575261 5.80293911238592
-0.363361049659453 1.24153128219768
1.43632928209171 13.0577074168066
1.45484723119391 3.13326224951509
0.610566380397845 2.92864990510141
2.07503614527716 0.670136398170143
0.248408976307238 3.72872318463455
0.810039220465746 4.77468102958925
1.59059006049441 7.68537726029198
-0.276338707816066 0.0163380443537141
0.552255848575225 0.392020275816321
-0.54888431292727 3.0066826007
1.67412348359376 0.712521637324244
2.8234919542529 2.24585702350799
0.967221082800123 1.80988160194829
1.93131401355544 3.78651027648214
0.9429307414108 2.73677184564294
1.45887858634682 0.681200732151086
1.80838788666666 14.8679546313852
0.253503406746134 4.82269231901889
3.79864858596174 2.77809762685182
0.319454426199149 1.26497428821075
2.36852393066738 0.0472393440301585
2.10104133859161 2.47346393391345
-0.559119096335769 0.927327808924019
1.23087213703236 0.250428441701619
2.26539489019575 1.38028814876452
2.04716263763491 6.04792015043028
-0.357940198769135 13.6702278807648
1.35604726779108 2.8943095038316
-0.0113573764660924 5.55754155454166
2.97380440934473 0.161106774117798
0.158393227923619 0.115609591654259
2.39935009472586 2.27146579685125
1.24090801841636 0.525647256989032
0.394026340594757 5.70639988009758
1.88545091541153 0.968136379784445
1.78555377498802 6.03275331457086
1.10533932041723 5.45954922747738
0.70698358983173 0.343952115117437
0.538104919769842 1.37370147533911
2.27287459748414 11.3979801249908
0.981116507733311 0.423103457316756
0.985720261751305 0.761256525758654
-0.467566710891635 4.23637219120689
1.30978606367188 1.1236612947161
1.94202391588984 7.63975776233726
0.0907848193472942 2.18917689380222
0.688578314058289 5.82746357445545
2.86164776122936 0.934237113688141
1.05514024915855 0.574705264673177
1.02041847214448 0.53905745659512
-0.528412459514189 4.3450282686235
-0.0218914528658327 1.8922902289778
1.24827678788837 2.70002744613651
1.83058645528299 0.765129935927689
-0.307530379833637 4.10953219781134
-0.668407577392587 4.11755636135552
-0.367293249301337 1.62580093927681
0.365834627169564 0.659558256156743
1.67408699327965 1.72460927115753
1.58179307267223 9.25845502266541
2.40921884990486 0.269402704949919
1.73082789708345 1.85761894052848
0.829483086616299 0.807838735921933
-0.0737026623301666 0.0191111757870546
-0.112173083390738 6.95263110342938
0.112315363168632 0.689939285022467
-0.161390714443414 1.53616422833875
1.55141873384579 2.99253048362646
1.44441448812089 1.06834308151156
1.11579719329206 0.065230933672154
0.490586790803214 1.15878696972504
0.953310792071531 0.503920511808246
-1.26571562753915 0.939331119401073
0.599068989265666 0.614461628806222
0.507238415464448 1.07544438058609
-0.788713398660002 0.671424512285739
2.08501630145934 2.38687260622594
3.69481373969171 9.40520106950655
2.01813921243913 1.24780087871477
0.63816544726034 1.87773380242288
0.0961979560805961 2.55230817642677
-0.641974184993615 2.85576486947451
1.33609028405673 0.482841532677412
2.14669330551734 3.10912810719076
2.26373574964177 1.53329264838248
1.54611537841489 2.18112443747435
-1.21700241221847 1.4959738785401
1.38144939542665 5.8195726831717
1.43537209109548 1.44838324308962
0.395568519314871 3.00950113298807
-0.469596700571737 6.30161117988543
1.2985566877812 4.23531561865626
1.42368619537002 1.93017046619207
2.21367576146666 1.14477651380002
1.66593714522997 2.92343037004087
0.17896353694323 5.482930410295
-2.4515394735988 1.16436707787216
0.527662205603389 3.65414356893364
0.945539286930924 3.19231847661052
0.763871928428882 4.41080899436439
1.9518287036977 0.14208203041926
-1.05348827716946 8.38516362723763
2.52574697631537 4.00750875926081
2.51035475868382 2.47686320530686
0.966744872126802 3.91167602116678
1.08536391044603 6.20829807755478
1.93770867074895 6.29147252134279
1.45309633901703 4.96541644421346
2.49697526665851 2.16580384957109
1.10833509177227 2.07649672636762
2.06090457962293 4.66236258831747
0.417646511577049 1.98738954076543
1.15630090896304 3.77015839038853
0.0696761069645274 0.0425897631794214
0.965237495395831 0.297160049434751
2.20425732945799 0.888941529672593
0.832553339489587 0.148381740156811
1.41490818144691 12.2731868488001
-1.54944793044264 2.38349934790123
1.51678074009197 2.20022705464128
0.54370651037173 0.0420263240121067
0.432777047095067 2.51264252020949
2.34922929678558 2.04535485059023
1.65322426202443 10.4603469984461
-0.349643152119923 1.50257884897292
0.0388082715928511 4.08991633436147
1.90373695283065 3.48266954167149
0.881090361054209 2.34967239355556
1.9873464269605 3.45039117603067
1.14058916585934 6.99204787760418
2.52125764456139 4.18317458194621
1.09094082574894 13.9419682875165
-0.128982744423157 10.7534857521584
-0.554973135598191 6.49843533113043
-0.556015921353896 8.82734303125992
-0.483051666295897 3.04497326897893
-0.170916486408517 3.17480111761454
1.71495512533236 2.10786721004609
1.69536424210673 1.15053039276972
1.46525501153223 5.83298084487147
2.67266150769434 1.3515101472518
-0.942678087133348 1.91748333815485
0.847492365410628 1.63397197332233
0.502008168862194 0.537253243848681
1.81222998975372 12.0453856301712
0.920338735769981 1.91401477809995
2.34553439268719 1.05825984757394
2.63614190065224 3.22645096654508
1.88625944680635 0.256439004552308
0.64519460001768 1.98163494933397
0.404579628574222 0.733273277862874
0.810545639737627 18.4987967749289
3.31520747249673 16.09363456541
1.5616780357523 2.50067034444276
1.70620013982578 1.52772454312071
2.45494262170937 13.8570147707947
-2.1744637142438 6.77296229600351
1.82360831230161 7.20131328850429
-0.0126517492096214 0.671585988253355
2.28049901759754 0.892728832550347
1.63583389198167 8.71106112022047
-0.308630079110173 6.92205286174457
1.90106809253992 7.40083881616037
-0.3078006993387 0.299712512176484
0.536696713865445 1.6892965240404
-0.467781167072575 0.10285618621856
1.12430693261129 1.60372683126479
2.10324021471195 2.77409218525398
1.17875162098461 5.3357373641146
0.501017133865177 8.21758260353844
1.98515585956752 0.0123008647933602
1.5961454851421 0.879220050898122
1.44136533125697 0.37905274797231
1.47589184673516 1.6697107180953
1.27207373214773 2.3373775378472
-0.511220299385193 3.26419620762084
2.32180827827241 2.43430462048347
0.015685361267923 0.971972452847102
-0.241447746669626 1.97392371296883
3.16640225808132 3.61874640347872
1.27657822088659 7.89631024524014
0.690794984100616 4.93011723247297
1.07456857047956 1.97028106357902
-0.0618339524680636 15.6522067981332
0.204542907388081 1.79173342930153
-0.264363433603478 1.28197116963565
0.409908858128612 0.707234590512467
1.0470697708806 7.6922066728885
2.48654034681815 2.4681365097544
1.54958521898253 3.02766424777422
-0.128968964654786 4.50487962316891
0.8732597968371 4.35859230321772
0.86547007825747 16.9990728636435
2.12668554558553 4.75699426394827
1.28948204215015 10.7512911272453
-0.328445888800351 0.595393715891987
2.3450865418509 1.3922404604964
0.65418405571177 2.96586603121728
2.86774447815021 7.63314368724268
2.2983373296446 8.44515930788541
-0.204195016423013 1.41088189191873
0.1995424239823 0.891280903480947
-0.516143162714205 8.91044568915672
-0.223177257630643 1.02841304428875
1.05499182406494 1.05871482286602
-1.40522219973388 5.54261524958735
2.58261826120492 2.58667764207749
1.34277882411765 0.344398719258606
0.0649473915343223 0.270597725287388
-1.14664035088649 2.69623176331659
0.666866069103942 0.156520786229521
0.0181752509993106 2.9795871375731
-0.604212848934437 2.14223653846253
-0.283427047212189 3.42033739561651
-0.333863856812217 6.36354975251111
-0.441882303209797 2.68044531306662
0.917924740969798 2.11171362629596
-0.866725532417187 14.0040371969231
2.04382483334702 3.45962385634396
-0.76914078817039 3.91267724229459
1.36081288665447 0.459374106489122
1.67493877174668 0.462421512231231
-0.572434004480739 1.11716326590317
-0.108630132611069 1.43752508237958
2.35160869164835 0.830078533384949
1.77153044552309 4.84899760943778
0.66459036440009 2.54553982602868
1.63557537886052 0.280333155499888
1.92804786584551 8.08917813896577
1.73692294128584 0.609878536704866
1.50446298331898 1.60010848974535
0.783032003930269 2.50851289449695
0.696053318514696 5.19022042279072
0.970292669031196 1.57877857144922
0.834611521638556 5.44519516241677
0.294371995748493 0.0791802102015561
0.356183846645882 1.39771974060047
3.64240434957173 8.130063810939
0.598851191352331 3.30512924293492
-1.65582932966875 3.26223195331607
2.10705917517735 0.287568933796138
2.20841471000354 2.1302877756438
1.04141745026999 1.50491234846413
1.5331859181608 2.54315819359359
0.67899572897136 2.03523670323193
1.14631815252371 0.644271906930953
1.93163558031049 7.27534488364499
1.65369629959891 13.400965656329
0.823808212752232 0.28617907455191
2.16019340772291 7.81183366998475
2.6271224545831 0.302348714002904
2.94322310779969 0.0431840859928035
1.5007305921979 2.07319885259494
1.76404463033658 1.76872338121757
-0.16695942501297 4.57397165456342
2.02908002357294 0.298915334760274
1.07759117383908 6.04770181861646
2.14712381959032 3.11571008646985
-0.464641844599448 1.43958589760587
0.573886541626449 1.21654490428045
7.17993417557349 1.28854389904458
6.42316833876179 1.95652952045202
5.92589258878289 2.28987775637273
9.67956622877617 3.01263220688764
10.7849910788644 5.19864142193314
8.20919895132123 1.63296877406538
4.22562721888485 1.1660577901639
12.7866035324171 1.44314207090065
9.4397657774409 0.47348295757547
4.07897181043478 2.52870394347491
7.19041312847913 0.598370839923066
7.36514076287313 4.73850162860878
5.8388913787295 0.35109507618472
4.46344738112615 0.389540361276551
6.54900859008615 1.07421776745468
7.85649302469164 3.7975640593699
7.20134216751366 0.0128615668439821
8.83078455470831 0.179211782757193
8.72080507494757 0.236901911352227
5.83125316905286 3.25560240155522
4.50819194392102 5.19488526483007
4.50230662019615 7.32657927838072
10.1063665092002 1.63566615711898
8.61255583034308 6.33554331701
6.87989716451912 0.2499466734007
7.91041800260164 0.820627262249236
3.33674286991541 0.0174217815510929
0.576627322839805 0.860993990454127
6.99060868956413 8.49606158533863
4.04484976570553 1.25439010793343
5.55529354909785 0.977893416769803
1.96227184947491 0.939688351296045
8.45999823978967 2.96852964150224
6.70596779400672 4.04988206258479
12.1293772686209 1.38370999132029
9.52354073167913 1.96893870597705
12.1079284951641 3.39204800581995
4.7946348192763 1.36334420942192
5.96613430941481 6.73898657559793
1.6531688090286 6.57425538971465
9.70373178075623 0.921173333656043
6.26468756034519 0.330584799063514
7.31442374706317 3.5238845902016
4.82783526355353 1.8105678493157
10.2155087060654 5.58682871770985
6.65130210421253 2.61249517823074
2.96105324364281 2.23503402235422
2.29308559033503 3.31987452953647
13.2919634236922 1.06073467712849
4.23683006234677 0.44988287604827
4.93128423524704 1.19733222573996
4.47598621671484 1.26185023505241
6.80838182587369 0.132433521095663
10.7674140127951 5.31777503502495
2.44978005837256 0.849967298549892
10.2101580056941 3.52036682969395
8.92891455654261 6.21194273021944
5.81610985793128 1.42863336790059
8.95892106703897 0.53619335676916
2.56333935316335 3.13950092239741
7.06096046073255 5.04350490842886
2.93083959613368 1.45652777329087
7.8421109958676 3.6802331394187
7.33374600685328 2.84958190329132
9.14610887951221 2.89972201722179
5.1382073156459 1.64799446845427
5.04298664767569 0.231838003266603
1.86081032960022 0.0933075584471226
8.06674163894211 4.52626254198082
7.60829912085351 2.04681210312992
8.03357235892005 10.9531031491496
10.7863371836145 0.133373145434413
8.19899076457386 3.23524119412962
3.29093006978454 0.849586602766067
8.06017559923022 7.91385324447792
9.7193259245795 0.103797166976469
7.43201236540887 2.68498008477578
6.31941621728197 1.9327188692987
2.02361456701246 4.62046273958809
10.1885614010183 1.73129611462355
8.5936938225976 0.288854772225022
5.09844781413376 1.17240904038772
7.95820001255935 5.67088419138625
3.2324930906107 1.43544250773266
2.37586668577664 8.28889838382046
6.8808469149823 1.74223192222416
5.47798415984854 21.6191839600418
4.43560956721594 0.196661342543294
3.46883102744094 7.68109779580872
4.85756833440397 2.17125091672928
5.57668237804067 0.532829292933769
7.2915540605547 8.81392648936723
11.3183090203068 7.62238074242513
6.23158080323242 0.0822350364178419
11.8750162957899 0.923939831089228
9.4462685077659 2.77923788397077
3.03347258186333 1.48206411022693
9.60821097722607 3.19096053006563
6.18220405208188 2.89698150739761
4.72929163663065 1.68740012962371
7.91812237720205 9.08453770425681
7.10393129356536 0.936970462091267
13.0115733719332 5.02328669068344
9.10470382377142 0.884383072433352
5.82674980217502 3.04984439524326
6.28738802829353 1.18549891997455
5.15180479996776 0.755542076658458
10.7166801567431 3.4224813299856
4.43734490081318 0.683485998306423
3.98282230188829 7.6109619565857
5.03655080744095 0.0770517284684787
4.90736513225118 2.22417764155877
2.95711475779822 0.284952454367464
12.2945349849395 10.1601387927856
7.84578089921005 3.09979773342751
2.8269601563263 3.60176400548283
3.81897895286316 4.11381809680227
4.2583200810072 1.59403733862564
7.77704606153798 5.3251978189849
6.33051111464662 5.04351536435579
9.50636645114562 0.896123767693548
8.70834263227562 2.39893912138853
9.03367676061536 0.112810690442508
7.67257804214439 1.28553835395724
3.66699063026864 5.3874527455581
10.5462423456418 1.69124574679881
7.29150407499456 0.788219757612079
10.6103330761984 0.378286201972514
5.60382313014034 6.0578527448041
6.05830319525064 0.0676697169248074
8.59420711130392 6.77746440618675
2.76985420386653 5.94813492310174
6.64232156595885 1.8091177213937
2.97465023952212 2.11234488675519
9.68992059034112 3.92957644710753
5.29721340371297 1.38588844055009
4.23961760203705 1.85110671725124
5.61472183126635 4.45012501043208
5.96929635659145 0.0329882639173518
1.79967325566171 0.431229701353383
7.81765521107415 5.8056164847029
3.34280739725458 3.82872429850016
6.5406956949984 7.51569689586203
1.98316764204122 3.58564602757309
4.05554274688024 3.01081762822781
6.36051426946997 0.0124207455664873
6.87869576918619 5.47752069975373
9.37455185804904 4.94063219805568
8.80759711538397 6.64009002133214
6.797726253315 21.9809703255508
7.48501364257508 0.983340138103813
5.80093845387685 1.96432759193704
11.5969559010168 2.88059799267415
6.23824331957228 0.0659720893017948
9.59895230378531 2.70382765024475
3.13083047637665 0.792740229517221
4.60969866349141 0.217859912663698
8.28392690055929 3.22516673883859
8.91839695926225 2.23925830318097
3.18989146537337 1.42252949718386
8.00884470907186 5.54170422230787
6.73060865583295 13.8061490014084
6.04723742462813 10.7156955016597
3.52206707292057 4.94435012065926
7.91712393117343 2.17597890077265
3.70755785190072 5.02063707050808
3.59720499216227 0.691711613563956
8.99220361360359 0.321093523409218
9.79506531970359 0.359822985716164
13.0067428386729 0.45409640064463
-3.36821876896115 0.515489733008049
4.93598557682369 5.8299849682761
8.82074070493253 0.135691918898374
7.72080834357817 0.33402440417558
8.78169119872741 12.0293802742231
5.15545470670008 6.29744476359468
6.89700533947632 0.556219874833587
8.48391085083544 0.722969612572342
7.41411003645239 1.74490136839449
7.99223697829881 3.14868034689192
4.9593040533425 2.36220289661053
3.89242584090597 2.23512914019141
4.96550633386401 3.42426549630675
9.05354991910936 0.325473887845874
6.98070231583788 4.74606253554053
5.92668345374883 1.73277299199253
8.29291328828457 2.31833892489288
8.64116786975494 1.5770614715293
6.07407715863805 1.16390586169943
2.96238890189076 3.8011624662808
11.6915910894691 5.68499498044081
-1.21520961096666 0.587435856688591
7.72992049433567 1.41458545206115
2.88772781152122 0.98587131081149
9.40654279345365 2.19704652689019
8.54719039024208 0.70134918903932
9.61524506544684 4.11152674990211
11.2633128949387 1.58553753979504
6.26811572378935 2.10408058282465
9.83110024655748 2.01817034371197
1.18360052979471 6.32832834503547
10.2235450326431 2.65385513740096
5.07447613490948 3.64679222996813
5.52937857279757 0.63078205101192
5.978642165939 0.243238436523825
8.60096836833208 0.358466106908753
10.5661745974211 5.51474693206079
9.58884921589771 1.65314258728176
7.86715706377249 0.430239805486053
7.94656433755564 5.19995427665241
5.17068908400141 3.07613043474469
4.15698244989674 1.72236656304449
2.59087460942613 9.0666744629468
12.6135617541972 0.216908235568553
9.32688205726872 10.5707482856916
3.33115873166387 0.079028706601817
6.65141518310516 0.37035316368565
-0.398422696020795 1.01674754983387
5.58270905096571 1.52622262621298
6.53324258675792 2.14495842906436
3.03885961970426 0.176030098423584
6.84767780600252 0.192098016180555
12.2466087860374 6.17843734075256
9.52865099517437 0.571033188141882
7.07689518964299 10.4004659218
8.61729824091775 1.37498011440039
9.68049632206144 1.83618308370933
1.8086669900695 7.17773472992981
5.44120941432304 0.314337256830186
8.54655479777491 0.683627300588809
5.48288981430558 0.679765926412407
4.42915257616096 6.5220371164326
7.40813898559871 10.1302860076155
5.56514820174887 6.67666238133558
6.85813552148336 1.36819882491502
6.60966645367698 3.09770920021895
1.49255514220499 6.40004418193739
9.47540006556718 0.835049383342266
5.04674668880512 1.02374875405803
9.07507037213352 15.551435490188
5.49044688185806 0.843514661459149
7.07094453130562 2.26451980795874
6.97905068336045 5.86758499665638
8.7761487619951 7.33146172537844
5.05999953528792 5.17920229707789
5.34379519129151 2.28709909743104
8.84981952698995 2.6326480620003
4.90106136404754 4.48762181133633
2.53107540576442 3.71916962774906
8.0256758278068 4.9835604035569
6.85744700500282 0.723890860565007
11.0748646306192 0.0114379407910439
1.26011387095159 3.66474255534325
12.1072891208309 3.53621293219242
5.32711352208799 1.76854135142639
8.03097262669658 2.45325704579814
9.28011126546471 0.529361728113145
7.75225431073041 1.08911301122413
3.57070916729327 0.820056096184999
7.40230098614906 1.59221296431497
4.66762328852873 4.62661279340215
7.15268931589711 0.0371242510154843
8.10879967948013 0.221419305410421
9.84291067237093 10.2250455463852
7.83418054786298 0.923224017955363
3.54718124941288 6.45343232704839
16.4204194936987 1.03500282531604
10.6182186759966 0.268366109579802
13.250345771708 2.61171236062876
7.30316096444574 4.78137600599825
10.720367854771 1.04929252993315
8.02567997134023 1.34487597970292
9.1230529332325 1.37652345973812
8.93795456496382 0.489551771764801
9.94333882271231 0.822369406465441
8.46750845102378 5.4977739525301
9.64684891432239 0.539113108534366
8.67527248216423 3.42454597993258
6.2291043040474 2.78435884403501
6.9474426422129 0.19012048188597
4.26475119438403 0.315144010819495
1.56763820733278 2.0437185857445
4.1733755960229 4.80354077716298
11.062891576906 9.13805673988535
5.87842673689338 1.49072281876579
7.06717700585298 3.19356342113081
2.38696988091432 1.02119154715911
8.98172987460052 4.35144746278353
6.5226451850945 0.657850786092243
8.32074497723061 0.417542698382626
8.11987904297118 2.18125210224155
10.4946660301175 2.50403559190633
7.3057256464653 0.963768215384334
0.707294702300911 9.3091857428278
4.40379814154994 9.99345228770628
5.95801120663378 0.969888352788985
3.69896075193843 11.2853187405097
0.861906521510905 1.54227981856093
6.76822480150387 3.51083432032231
5.98020032950074 18.6283964653662
5.815514459688 0.034283266402781
11.7011593394506 4.91139865660132
7.65714793883744 1.38172400789335
-1.62123090544852 3.17852529498253
8.73437706545028 1.43794150929898
3.61247702771745 1.0877318023704
5.43728331179773 1.91952784219757
6.11848102557109 4.42968733210988
5.26391386287059 2.30694473894749
-0.813971711963996 5.07976619501538
7.03856576558311 0.100891159381717
3.63882755654063 2.40944785071035
7.79916086201203 1.84049017634243
14.1639821250641 0.269292181357741
7.89488589776234 0.028796201308412
4.60408083478011 0.795929200015962
11.0950558466552 3.09055859582934
7.10477965881989 4.50371751926185
3.67592214396105 0.960975428675022
7.34726469010079 1.7100543603301
9.75833319482017 0.800831597764045
13.7293777694508 1.17141431104392
4.96273259356369 1.30424213223159
7.73106996436266 4.49123504984346
6.5169081930677 1.80051390454173
9.49407963541047 0.724900045897812
8.89034536713298 9.26327262768402
7.37765884412947 0.00634894240647554
-0.223854733684922 3.34001014188996
9.75621837543501 4.36769639675446
7.60687808689975 3.46258676691417
11.5794954575048 6.15251021434493
6.82632741035007 0.655924671795219
6.49697264567969 0.979786003042272
9.5081129968031 2.87513686703954
8.27343818127632 2.50882982263777
8.15778514986219 2.17687168372141
3.67518182526639 2.65985091669921
7.92624694250682 1.6552105396986
1.35187564873019 18.5862936516455
10.0741795670017 6.12190441575773
3.5847766396364 0.913218443553186
11.6127914200863 2.82155846320303
6.8274210759024 1.6458958061412
8.40698736118602 1.34636448712798
0.01860530036799 0.379913189448416
5.83496978877397 0.44843087811023
6.55576729180456 2.32357863374951
7.75028891292036 3.17097236438114
10.596593762379 4.8626411266437
