"col1" "col2" "col3" "col4" "col5" "col6"
78.8209158182141 5 4 9.58742085802269 0.0162438314654254 2.49616441816799
76.5480581641301 0 6 2.8526372597771 0.139477189391546 1.77462830749805
79.5188198654005 2 4 19.9970640233698 -0.122201516605025 0
70.7837956352849 0 5 1.73003677623499 0.169444591653018 0
82.3495824195281 0 5 11.5311375442417 0.149840301408224 0
80.2049158681705 2 8 6.43856183160096 0.0310910885168453 0
78.8951227661308 0 3 5.27085728012025 0.153254271884051 3.32461766913806
72.4569222663169 1 4 7.76773449768832 -0.207128551340355 0
80.0900493510072 4 5 7.96869339886949 -0.0874818551964331 2.03217484947611
75.7962727170775 0 3 5.46461383812129 0.0637045326568436 0
74.5589185561631 1 6 0.033289254643023 0.21114977307809 0.509286139159238
76.4748215156279 6 4 29.704104597748 0.0227264698764744 5.28565695545569
74.1673847220311 0 6 2.23131652455777 0.0254186235866244 0.57625432468612
81.5032483305958 0 6 0.310342782177031 0.074350862826448 2.40328643995141
80.5068287937271 3 3 5.5639588739723 -0.0155846967620345 1.17125156121764
80.5620568520172 0 1 4.49743377510458 -0.00186956774197259 5.21984596125022
76.7882399466773 0 4 14.1328802825544 0.0864623149507169 4.08035949198301
78.1389575074207 2 3 11.0290768552096 -0.0712697225695747 0.336540340784065
73.7074595912206 0 8 29.3931005133276 0.0272840083209586 0
77.1138777109139 7 2 8.60087106734765 -0.0603771215286897 1.36655366835149
75.8053614634549 0 2 18.9144762783291 -0.00818016969033096 5.14095098853216
84.9881885416729 2 7 9.69193526501668 0.228948315009106 0
74.360637171093 0 2 8.63103053490532 0.0353102933322163 0
75.8263602850475 0 2 41.376138681308 0.0194069460144208 6.6218214199948
78.5813250773619 0 1 0.0610198546200991 0.0356713153473032 0